24224
8080
20720
18091
9095
10050
4117
9443
16080
7000
8428
9043
18092
6443
8983
3100
4648
8481
25672
5000
1936
8086
8010
45001
8001
2020
8480
8088
4118
8191
61616
16020
4647
55679
19999
4646
8880
61613
13133
9040
9300
8888
3000
10051
8083
2004
8501
5693
8443
7001
9090
8333
4242
8045
2003
16686
9441
24220
9001
9411
9990
6557
4318
7547
27017
8006
8009
9091
5672
8600
8984
15672
9000
4000
5001
8094
7800
5666
5984
3200
8091
9800
4433
12443
8161
8000
5601
8082
6984
5432
1009
8429
8889
8447
9796
9021
2086
3128
5665
1433
9100
8004
8686
8089
10000
8090
9880
8482
9598
2082
8081
2222
5500
9093
14250
9080
3260
28017
9092
8008
4317
6379
14268
2181
7474
7002
8400
1883
9200
3306
2083
5044
2087
8800
8005
8500
6556
